   1         "t-ao"   76  111.012749 156.252167 166.713623
   2           "er"   27  178.806076 110.891296 354.292938
   3           "si"   18   68.901573 293.145172 334.134186
   4           "sp" 1422  2804.293213
   5           "wu"   21   98.040710  46.616623 193.556503
   6           "yi"   22   73.147018 301.939911 342.069672
   7         "l+ai"  110  282.957275 231.986252 323.476318
   8         "l+iu"   15   16.160814  21.429132  19.075026
   9         "l-ai"  110  330.237122 191.414352 181.178360
  10         "l-iu"   15   20.031387  23.351824  61.450397
  11       "e-t+ao"   76  251.726639 177.832703 114.863167
  12      "yin-q+i"  200  1465.270508 1970.100464 2031.786621
  13      "a-t+ang"  102  558.104492 406.078766 290.855377
  14      "iu-n+ai"  200  384.198059 444.233948 731.250610
  15        "d-u+o"   49  156.794998 131.188980 191.623886
  16     "ong-z+ao"   57  351.611969 222.815094 199.894547
  17        "t-ang"  102  372.429840 300.156647 540.258118
  18        "ch+un"   67  286.624756 539.772156 242.658554
  19        "ch-un"   67  698.367859 590.399048 350.548920
  20         "n+iu"  200  564.422729 540.339600 1048.621582
  21         "n-ai"  200  1283.618652 1540.741699 1022.638672
  22        "j-i+a"  102  308.134949 302.633026 323.327362
  23       "zh+eng"   52  406.621796 519.723694 264.913544
  24        "sh+ao"   53  289.243774 349.139221 180.444550
  25          "b+a"   20  191.690277  68.035927 200.927567
  26          "b-a"   20   62.466724  53.635025  66.488625
  27          "d+u"   49   87.709793  82.481880 143.146149
  28          "h+e"   76  181.915558 221.318237 606.577515
  29          "q+i"   20   29.123571  26.558353  26.135641
  30          "q-i"   20   23.577923  26.274981  43.991589
  31          "shi"   20   38.236492  60.977554  47.973534
  32          "sil"  400  8736.600586 2804.293213 2083.931885
  33          "w+o"   68  1032.312134 870.069214 682.724304
  34          "w-o"   68  149.724350 102.021843 193.312485
  35          "x+i"  200  631.622192 575.123535 730.199646
  36   "eng-ch+ang"   52  242.099899 145.134415 166.671509
  37    "zh-eng+ch"   52  389.426208 274.097321 304.760284
  38      "sh-ao+j"   53   76.615326  91.680519 204.707214
  39         "y+ao"   90  324.140350 192.195404 232.845551
  40         "y-ao"   90  149.432404 283.627777 834.488770
  41       "ao-j+i"   53  237.474716 545.362000 438.485229
  42        "i-a+t"  102  593.398804 413.634491 625.187195
  43      "x-i+ang"  200  901.516724 392.340668 567.065552
  44        "i-ang"  200  945.870056 1357.143799 1154.049194
  45       "n-iu+n"  200  1396.045898 1961.176147 819.205383
  46      "h-ong+z"   57  238.696564 565.032654 440.279205
  47         "i-ao"  200  663.615540 905.173950 893.436646
  48         "z-ao"   57  167.930771 153.503830 341.009094
  49        "h+ong"   57  138.376038 172.016418 442.986237
  50       "ch-ang"   52  264.171326 186.230759 286.075836
  51        "o-j+i"   49  393.958832 527.940918 395.944092
  52         "j+iu"   20  180.646667 301.208496  58.060226
  53         "j-iu"   20   42.996841  65.425499  55.998615
  54         "s+an"   17   34.860607  23.870354  42.528782
  55         "s-an"   17   63.439426 201.379684 216.618057
  56        "yin+q"  200  729.305054 1102.076904 1476.263184
  57        "h-e+t"   76  349.945496 1166.859619 1154.102661
  58       "q-i+ao"  200  637.190186 817.322693 565.149048
  59        "u-o+j"   49  280.468109 103.664253 201.876541
